jupyter-python/data_analysis/data/test/RogunHPP/data/testing/Test7103.tif
NCOLS 100
NROWS 100
XLLCORNER 26791.9
YLLCORNER 23110.4
DX 6.269
DY 4.207
NODATA_VALUE -9999
[rows 52 to 77 of 100, columns 0 to 59 of 100]
913.09464 913.41529 913.74951 914.09806 914.46171 914.84126 915.23751 915.65124 916.08321 916.5341 917.0045 917.49484 918.00534 918.53595 919.08619 919.65508 920.24101 920.8415 921.45305 922.07095 922.68901 923.29937 923.89234 924.4563 924.97767 925.44102 925.8293 926.12419 926.30653 926.3569 926.25638 925.98763 925.53634 924.89239 924.05007 923.00613 921.75633 920.29372 918.61526 916.74339 914.76432 912.87907 911.45894 911.07623 912.40619 915.7554 920.27478 925.22096 933.66885 948.12728 954.31137 931.50127 918.69843 915.15576 914.28373 913.66301 912.86689 911.96659 911.05302 910.17768
913.22677 913.55639 913.90053 914.26006 914.63591 915.02901 915.44037 915.87096 916.32177 916.79375 917.28779 917.80464 918.34489 918.90887 919.49653 920.10735 920.74012 921.39282 922.06231 922.74415 923.43225 924.11869 924.79337 925.44396 926.05573 926.61175 927.09304 927.47899 927.74777 927.87689 927.84396 927.62794 927.21114 926.58124 925.73209 924.66069 923.35967 921.80914 919.97843 917.85024 915.47164 913.02873 910.94835 910.02777 911.49757 916.52845 923.93087 930.017 944.05626 957.74806 940.4322 928.79401 919.70252 915.68225 914.09034 913.19959 912.40977 911.6068 910.80324 910.0261
913.35396 913.69231 914.04612 914.4164 914.8042 915.21066 915.63694 916.08424 916.55382 917.0469 917.56469 918.10833 918.67881 919.27692 919.90311 920.55739 921.23912 921.94681 922.67786 923.42824 924.19217 924.96176 925.72665 926.47384 927.18749 927.84902 928.43743 928.9296 929.30084 929.52529 929.57656 929.4291 929.06078 928.45665 927.61147 926.52639 925.19605 923.58907 921.6384 919.26453 916.44026 913.285 910.20718 908.17041 909.10322 916.18235 929.92143 939.51037 944.73841 939.51153 931.97864 925.21188 919.26183 915.74548 913.93957 912.88082 912.06383 911.31139 910.58388 909.88327
913.47583 913.82262 914.1858 914.56652 914.96598 915.38548 915.8264 916.29018 916.77832 917.29237 917.8339 918.40444 919.00546 919.63827 920.30391 921.00301 921.73563 922.50099 923.29718 924.1208 924.96656 925.82681 926.69112 927.5459 928.37421 929.15577 929.86733 930.48315 930.97549 931.31493 931.47063 931.41137 931.10888 930.54416 929.71408 928.6303 927.30023 925.68938 923.68854 921.13004 917.87263 913.90752 909.49378 905.56102 904.4759 912.23641 939.95132 949.31743 937.05087 929.92161 926.05074 921.98868 918.1258 915.37591 913.67927 912.59009 911.77041 911.05566 910.3861 909.74738
913.59198 913.94686 914.31906 914.70985 915.12059 915.55277 916.00795 916.48784 916.99421 917.52896 918.09403 918.69141 919.32308 919.99094 920.6967 921.44176 922.227 923.0525 923.91728 924.81882 925.75258 926.71144 927.68509 928.65955 929.61679 930.53475 931.38776 932.14721 932.78226 933.25995 933.54474 933.59852 933.38405 932.87483 932.06959 930.99897 929.70265 928.16441 926.23463 923.62669 920.0476 915.32703 909.39963 902.8124 897.68223 898.71054 938.2746 942.25004 928.24771 923.7427 921.55206 919.18445 916.72821 914.71635 913.28373 912.27144 911.49002 910.81878 910.20079 909.61555
913.70204 914.06462 914.44543 914.84585 915.26741 915.71177 916.18074 916.67625 917.20039 917.75539 918.34363 918.96756 919.62975 920.33276 921.07905 921.8709 922.71017 923.59804 924.53467 925.51871 926.54673 927.61246 928.7061 929.8135 930.91564 931.98857 933.00389 933.92985 934.7325 935.37577 935.81984 936.01872 935.92209 935.48889 934.71512 933.65927 932.42474 931.05853 929.3896 926.96822 923.31205 918.18697 911.11963 901.51148 892.62716 874.5837 906.69348 921.18748 919.6102 918.54508 917.85068 916.71744 915.27431 913.89887 912.78097 911.90964 911.20239 910.58685 910.02066 909.48493
913.80563 914.17547 914.5644 914.97394 915.40579 915.86177 916.34392 916.85444 917.39572 917.97037 918.58119 919.23117 919.92349 920.66142 921.4483 922.28741 923.18175 924.13382 925.14522 926.21612 927.3446 928.52577 929.75075 931.00562 932.27058 933.51961 934.72116 935.83984 936.83854 937.67909 938.31912 938.70515 938.76879 938.44177 937.70314 936.64325 935.47475 934.3938 933.26938 931.40951 928.05728 923.32981 917.54412 904.01354 929.52129 830.46419 875.5116 903.53698 911.39516 913.86692 914.67598 914.53905 913.86696 913.02065 912.21363 911.5114 910.90157 910.35294 909.84121 909.35352
913.90239 914.279 914.67551 915.0936 915.53509 916.00203 916.49666 917.02143 917.57908 918.17257 918.80517 919.48043 920.20217 920.97447 921.80162 922.68801 923.63799 924.65559 925.74419 926.90591 928.14086 929.44612 930.81442 932.23266 933.68057 935.12999 936.5455 937.88706 939.11404 940.18777 941.06745 941.69593 941.98295 941.81313 941.11653 940.00217 938.84833 938.15152 937.99163 937.29808 934.73162 931.68658 938.31204 915.22366 887.93405 794.21752 858.77906 892.97394 905.17799 910.00923 912.01238 912.65169 912.56847 912.14951 911.62256 911.09255 910.59034 910.1155 909.6606 909.22039
913.99197 914.37479 914.77829 915.20427 915.65471 916.13184 916.63811 917.17625 917.7493 918.36064 919.01398 919.71346 920.4636 921.26932 922.13595 923.06913 924.07472 925.15857 926.32615 927.58203 928.929 930.3669 931.89098 933.48988 935.14351 936.82153 938.48365 940.08331 941.57493 942.92109 944.09006 945.03214 945.63784 945.71874 945.09437 943.83821 942.54535 942.2462 943.65763 945.26472 944.01936 946.39997 953.79196 924.35489 879.83581 839.52162 864.28455 889.71948 901.64481 907.25629 909.92058 911.07953 911.42064 911.33176 911.0411 910.67068 910.27569 909.87647 909.47909 909.08565
914.07405 914.46248 914.87231 915.30545 915.76405 916.25049 916.76745 917.31792 917.90527 918.53324 919.20604 919.92839 920.70553 921.5433 922.44811 923.42698 924.48746 925.63745 926.88494 928.23745 929.70123 931.27988 932.9724 934.77057 936.65566 938.59551 940.54367 942.44376 944.2414 945.90085 947.41072 948.75257 949.81804 950.32264 949.87225 948.36787 946.62945 946.52579 950.17962 956.9331 956.27531 963.5272 940.79483 914.44969 888.94528 871.99071 877.83561 891.32153 900.43828 905.61654 908.4157 909.83485 910.44729 910.59672 910.4937 910.26134 909.96573 909.63951 909.29829 908.95021
914.1483 914.5417 914.95714 915.39666 915.86253 916.35732 916.8839 917.44553 918.04586 918.68904 919.37976 920.12331 920.92569 921.79365 922.73478 923.75756 924.87138 926.08645 927.41366 928.86409 930.44829 932.17484 934.04822 936.06531 938.21087 940.45215 942.7354 944.98923 947.1421 949.15523 951.05077 952.88397 954.60551 955.84131 955.83659 954.03701 951.36715 951.04544 956.50793 977.1714 967.05034 950.91214 929.8248 912.79135 897.24878 887.48429 888.18063 894.63233 900.69607 904.86708 907.43514 908.90134 909.65366 909.95936 909.99604 909.8764 909.66787 909.40874 909.12044 908.81545
914.21445 914.61212 915.0324 915.47743 915.94962 916.45169 916.98671 917.55816 918.17001 918.82677 919.53359 920.29635 921.12179 922.01759 922.99255 924.05669 925.22136 926.49933 927.90472 929.45279 931.15931 933.03934 935.10489 937.36095 939.79921 942.38939 945.07054 947.74945 950.32162 952.72848 955.03303 957.42792 960.04647 962.52109 963.57775 961.71863 957.46862 957.46028 960.97138 993.08184 971.70985 941.88127 925.36387 912.84377 902.46473 895.91104 894.94988 897.85604 901.60412 904.69956 906.86328 908.23601 909.02838 909.42272 909.55602 909.52358 909.38783 909.18791 908.9479 908.68292
914.27223 914.67342 915.09772 915.54735 916.02482 916.53301 917.07516 917.65498 918.2767 918.94519 919.66604 920.44568 921.29159 922.21236 923.21802 924.32014 925.53213 926.86948 928.34987 929.9933 931.82175 933.85832 936.12517 938.63932 941.40488 944.40036 947.56129 950.76642 953.85279 956.70147 959.39973 962.35303 966.09261 970.55072 973.8877 972.98649 967.01142 967.33598 975.84936 961.64302 957.97413 933.96271 920.587 911.70187 904.86853 900.4265 899.14309 900.37676 902.6323 904.83684 906.5709 907.78122 908.54855 908.98092 909.17523 909.20674 909.1294 908.97992 908.78273 908.55414
914.32141 914.72536 915.1528 915.60604 916.0877 916.60076 917.14863 917.73522 918.365 919.04316 919.7757 920.56958 921.43294 922.37529 923.40781 924.54364 925.79829 927.19002 928.74036 930.47446 932.42141 934.614 937.08741 939.87565 943.00324 946.46872 950.21583 954.09579 957.85381 961.23033 964.2614 967.61905 972.53292 979.84046 987.60899 989.95776 991.29865 962.3666 949.36157 936.76259 935.94782 921.14266 913.41884 908.72049 905.06074 902.48596 901.53907 902.11104 903.51404 905.08192 906.44461 907.47777 908.18586 908.62249 908.85071 908.92662 908.89443 908.78668 908.62656 908.4304
914.3618 914.76768 915.19735 915.65317 916.13785 916.65446 917.20655 917.79819 918.43407 919.11965 919.86129 920.66643 921.54382 922.50382 923.55868 924.72306 926.01449 927.45404 929.06712 930.88436 932.94264 935.28585 937.96512 941.03704 944.55693 948.56122 953.02744 957.80035 962.50624 966.60965 969.90212 973.29003 979.01847 989.60658 1005.1203 1013.7461 1022.2822 956.1222 929.77808 913.54495 903.32952 903.61099 903.88267 904.17382 903.70211 902.96551 902.69896 903.16459 904.15398 905.31869 906.40012 907.27419 907.91197 908.33343 908.57666 908.68165 908.68323 908.60915 908.48043 908.31269
914.39323 914.80022 915.23116 915.68848 916.17495 916.69372 917.24843 917.84329 918.48316 919.17373 919.92166 920.7348 921.62242 922.59561 923.66763 924.85448 926.17559 927.65471 929.32104 931.21073 933.36872 935.85101 938.72703 942.08134 946.01186 950.61715 955.9538 961.92441 968.05892 973.35984 976.96762 979.83322 985.451 998.70964 1022.9933 1041.672 989.77173 947.87491 918.31268 893.19404 867.8674 883.08743 892.99554 898.81951 901.47898 902.50175 903.05046 903.69846 904.5508 905.49302 906.38334 907.13108 907.70208 908.09974 908.34605 908.46883 908.49496 908.44748 908.34492 908.20172
914.41559 914.8228 915.25404 915.71176 916.19875 916.71822 917.27389 917.87004 918.51168 919.20465 919.95586 920.77344 921.66714 922.64861 923.73195 924.93433 926.27685 927.78563 929.49337 931.44142 933.6826 936.28513 939.33794 942.95741 947.29451 952.53682 958.88422 966.4299 974.77615 982.31299 986.72654 988.75745 993.33877 1016.1478 1017.3804 1009.5888 974.3652 940.64863 910.48822 878.33515 839.22538 861.17775 882.48394 893.68745 899.06397 901.598 902.93093 903.87755 904.74798 905.59138 906.36506 907.02158 907.53664 907.90895 908.15169 908.28448 908.32801 908.3012 908.22013 908.09785
914.42879 914.83536 915.26589 915.72285 916.20905 916.72773 917.28263 917.87808 918.51916 919.21182 919.9631 920.78138 921.67667 922.66109 923.74935 924.95954 926.31407 927.84103 929.57607 931.56502 933.86774 936.56375 939.76075 943.60747 948.31315 954.17457 961.60153 971.07567 982.72842 994.59704 1001.1992 1004.2397 1020.0031 1010.3074 996.79142 987.06673 961.04162 933.85476 905.82944 870.61549 814.78015 842.09795 874.94306 889.86089 897.03488 900.64184 902.60097 903.84789 904.80465 905.62311 906.33389 906.92958 907.40163 907.75091 907.98707 908.1248 908.18039 908.16946 908.10584 908.00122
914.4328 914.83782 915.26663 915.72168 916.20577 916.72212 917.27447 917.86717 918.50529 919.19482 919.94286 920.75788 921.65006 922.63176 923.71807 924.92767 926.28387 927.81614 929.5623 931.57158 933.90933 936.6642 939.95955 943.97237 948.96573 955.34607 963.76383 975.26194 991.2361 1011.0847 1022.7377 1041.3174 1014.677 985.91097 975.55822 966.94047 946.93713 926.14492 903.33459 872.23624 820.2149 838.85333 872.88656 888.07327 895.76247 899.89131 902.24556 903.72534 904.77875 905.60778 906.28937 906.84703 907.28785 907.61794 907.84668 907.98625 908.05003 908.05115 908.00159 907.91175
914.42763 914.8302 915.25627 915.70824 916.18887 916.70135 917.24937 917.83722 918.46994 919.15347 919.89485 920.70255 921.58673 922.55978 923.63691 924.83701 926.1838 927.70742 929.44686 931.45331 933.79547 936.56771 939.90365 943.99931 949.15534 955.85877 964.95161 977.99533 997.98737 1029.1363 1051.0996 1035.0302 996.82123 970.25244 957.29097 945.67377 930.89387 916.22156 900.74305 879.22862 849.72034 855.08824 876.07521 888.29314 895.3329 899.46643 901.97569 903.59112 904.71813 905.56685 906.2367 906.77116 907.18985 907.50462 907.72616 907.86572 907.93492 907.9451 907.90677 907.82922
914.41332 914.81255 915.23486 915.68258 916.15843 916.66549 917.20738 917.7883 918.41315 919.08777 919.81906 920.61529 921.48649 922.44483 923.50535 924.68674 926.01253 927.5128 929.22655 931.20524 933.51827 936.26155 939.57167 943.65051 948.81041 955.56289 964.80637 978.25222 999.38446 1034.2031 1061.224 1018.0984 982.40285 958.26276 942.12459 927.01037 910.77389 903.09547 895.60303 884.61598 872.18813 872.00084 881.41675 889.79505 895.58205 899.36813 901.83802 903.49336 904.65698 905.51897 906.18289 906.7022 907.10479 907.40731 907.6222 907.76062 907.83323 907.85014 907.82071 907.7533
914.38997 914.78499 915.20253 915.64486 916.11459 916.61471 917.1487 917.7206 918.33516 918.99798 919.71573 920.49638 921.3496 922.28716 923.32357 924.47691 925.76997 927.23189 928.90047 930.82565 933.07472 935.74049 938.95462 942.91021 947.90198 954.40099 963.19857 975.6733 994.07363 1018.9922 1028.2511 1003.1694 971.68846 948.33427 929.6843 910.61447 890.90427 886.10594 886.65023 885.15414 881.4675 881.51045 886.18965 891.7118 896.2315 899.52359 901.83287 903.45313 904.61606 905.47788 906.13452 906.64166 907.03144 907.32366 907.53234 907.66886 907.74338 907.76517 907.7427 907.6836
914.35773 914.74766 915.15945 915.59527 916.05759 916.54927 917.07362 917.63449 918.23636 918.88456 919.5854 920.34644 921.17679 922.08758 923.0925 924.20859 925.4573 926.86601 928.47016 930.31636 932.46704 935.00756 938.05727 941.78742 946.45025 952.42594 960.28916 970.84271 984.71066 999.4833 1005.5038 986.97337 962.06539 939.98309 919.77424 897.55313 870.72996 864.56725 873.9477 881.56865 884.33649 886.24121 889.54691 893.4801 897.02901 899.83768 901.93537 903.47303 904.60519 905.45219 906.0966 906.59129 906.96936 907.2522 907.45479 907.58879 907.66402 907.68918 907.67208 907.6197
914.31677 914.70079 915.10588 915.5341 915.98776 916.46957 916.98261 917.53047 918.11736 918.74822 919.42891 920.16642 920.96919 921.84745 922.81377 923.88376 925.07698 926.41828 927.9396 929.68264 931.70261 934.07372 936.89732 940.31354 944.5173 949.77575 956.42736 964.77505 974.57421 983.88539 989.18301 973.47559 953.41561 933.12004 912.42983 888.20679 857.04553 837.71698 858.92033 876.04546 884.25353 888.36162 891.67172 894.89876 897.81756 900.22963 902.11359 903.54567 904.62659 905.44611 906.07224 906.55239 906.91843 907.19193 907.38824 907.51907 907.594 907.62129 907.6082 907.5612
914.26733 914.64464 915.04212 915.4617 915.90552 916.37607 916.8762 917.40921 917.97893 918.58987 919.24734 919.95766 920.72839 921.56869 922.48976 923.50538 924.63273 925.89343 927.31502 928.93296 930.79336 932.95672 935.50275 938.53602 942.19026 946.6239 951.98373 958.27812 965.09331 971.57846 973.66667 962.73005 945.98469 927.72771 907.67036 883.09615 849.05897 811.60492 844.97909 871.29545 883.42711 889.30593 893.01307 895.99098 898.53419 900.64776 902.33976 903.66016 904.67812 905.4607 906.06286 906.52568 906.87851 907.14212 907.33165 907.45862 907.53235 907.56069 907.55045 907.50766
914.20967 914.57951 914.96853 915.37848 915.81134 916.26934 916.75507 917.27149 917.82201 918.41064 919.04204 919.72176 920.45637 921.25376 922.1235 923.07724 924.12936 925.29771 926.60468 928.0785 929.75494 931.6793 933.90826 936.51054 939.5631 943.13504 947.24363 951.76553 956.36569 960.96408 965.53016 953.50853 939.6301 923.66544 905.30629 882.60838 851.9109 811.65339 840.07457 869.90492 883.28117 889.99072 893.98495 896.86676 899.17699 901.06766 902.59451 903.80606 904.75563 905.49499 906.06853 906.51121 906.84927 907.1021 907.28414 907.40653 907.47822 907.50667 907.49828 907.45868
