jupyter-python/data_analysis/data/test/RogunHPP/data/testing/Test7103.tif
NCOLS 100
NROWS 100
XLLCORNER 26791.9
YLLCORNER 23110.4
DX 6.269
DY 4.207
NODATA_VALUE -9999
[rows 26 to 51 of 100, columns 0 to 59 of 100]
908.99584 909.10228 909.20696 909.30948 909.40938 909.50617 909.59931 909.6882 909.77219 909.8506 909.92268 909.98762 910.04456 910.0926 910.13079 910.15813 910.17358 910.17609 910.16457 910.13793 910.09508 910.03495 909.9565 909.85874 909.74075 909.60168 909.44079 909.25743 909.05108 908.82131 908.56784 908.29047 907.98908 907.6636 907.314 906.94018 906.54196 906.11897 905.6706 905.19587 904.69337 904.16104 903.59611 902.9949 902.35269 901.66367 900.92104 900.11745 899.24577 898.29992 897.27487 896.16306 894.94226 893.54728 891.81672 889.41069 885.70718 879.70744 870.05297 855.71427
909.15093 909.26318 909.37388 909.48262 909.58896 909.69238 909.79232 909.88819 909.9793 910.06495 910.14436 910.21667 910.28099 910.33638 910.38181 910.41623 910.43853 910.44757 910.44219 910.4212 910.38343 910.3277 910.25288 910.15789 910.04171 909.90342 909.74219 909.55732 909.34824 909.1145 908.85581 908.57198 908.26294 907.92867 907.5692 907.18452 906.77453 906.33896 905.87725 905.38849 904.87125 904.32342 903.74207 903.12317 902.46145 901.75017 900.98122 900.14569 899.2351 898.24356 897.17005 896.01816 894.78689 893.44048 891.84127 889.6321 886.06693 879.79428 868.54897 848.4213
909.30749 909.42577 909.54275 909.65801 909.77109 909.88147 909.98859 910.09182 910.19049 910.28384 910.37106 910.45127 910.52354 910.58685 910.64015 910.68228 910.71209 910.72835 910.72979 910.71515 910.68314 910.63248 910.56194 910.47033 910.35653 910.21952 910.05839 909.87238 909.66085 909.42334 909.15954 908.86928 908.55254 908.20936 907.83986 907.44413 907.02219 906.57388 906.09874 905.59594 905.06409 904.50109 903.90387 903.26814 902.58804 901.85577 901.06156 900.19409 899.24221 898.19838 897.06427 895.85616 894.60343 893.32335 891.94607 890.164 887.20493 881.55603 870.60414 849.58604
909.46543 909.58999 909.7135 909.83556 909.95569 910.07338 910.18805 910.29907 910.40572 910.50725 910.60281 910.69148 910.77228 910.84415 910.90595 910.9565 910.99453 911.01873 911.02775 911.0202 910.9947 910.94985 910.8843 910.79674 910.68594 910.55077 910.39024 910.20348 909.98982 909.74875 909.47995 909.18328 908.85875 908.50651 908.12676 907.71974 907.2856 906.8243 906.33554 905.8186 905.2722 904.69426 904.08171 903.43005 902.73289 901.98134 901.16356 900.26489 899.26945 898.16482 896.95116 895.65491 894.34111 893.10432 891.99691 890.84719 888.97092 884.89406 876.29607 860.72306
909.62465 909.75572 909.88604 910.01518 910.14269 910.26804 910.39065 910.50987 910.62498 910.73518 910.83962 910.93733 911.02728 911.10836 911.17939 911.23907 911.28609 911.31902 911.33642 911.33679 911.31862 911.28038 911.2206 911.13784 911.03073 910.89803 910.73862 910.55157 910.33612 910.09172 909.81804 909.51495 909.18254 908.82103 908.43077 908.01212 907.56541 907.09079 906.58811 906.05683 905.49579 904.90306 904.27562 903.60892 902.8962 902.12757 901.28892 900.36124 899.32152 898.14749 896.82995 895.39613 893.94319 892.66203 891.7911 891.40495 891.02008 889.28195 884.2886 875.42922
909.78504 909.92287 910.06025 910.19677 910.33199 910.46536 910.5963 910.72416 910.8482 910.96761 911.08148 911.18884 911.2886 911.3796 911.46058 911.53019 911.58701 911.62954 911.65619 911.66536 911.65541 911.62467 911.57152 911.49437 911.39172 911.26218 911.10452 910.91768 910.70082 910.45334 910.1749 909.86539 909.52495 909.15393 908.75279 908.32211 907.86238 907.37397 906.85695 906.31097 905.73506 905.12748 904.48541 903.80444 903.07775 902.29475 901.43919 900.48711 899.40584 898.15718 896.71046 895.07476 893.35963 891.85561 891.0585 891.44786 892.88267 894.05579 893.13726 890.29151
909.94649 910.09131 910.23602 910.38022 910.52347 910.66523 910.80492 910.94187 911.07533 911.20447 911.32838 911.44602 911.55628 911.65793 911.74966 911.83004 911.89755 911.95057 911.98743 912.00638 912.00562 911.98335 911.93778 911.86716 911.76983 911.64423 911.48898 911.30291 911.08508 910.83482 910.55175 910.2358 909.88716 909.50629 909.09386 908.65061 908.17729 907.67451 907.14258 906.58136 905.99015 905.36743 904.7107 904.01594 903.2767 902.48235 901.61522 900.64654 899.53231 898.21208 896.6183 894.71163 892.56864 890.54649 889.4641 890.46413 894.03722 898.74686 902.19707 907.03463
910.10887 910.2609 910.41321 910.5654 910.71701 910.86753 911.01638 911.16288 911.30627 911.44571 911.58026 911.70885 911.83034 911.94343 912.04675 912.13878 912.21792 912.28244 912.33052 912.36029 912.3698 912.35707 912.32014 912.25706 912.16599 912.04521 911.89315 911.7085 911.49019 911.23747 910.94992 910.62749 910.27043 909.87936 909.4551 908.99866 908.51104 907.99314 907.44555 906.8684 906.2612 905.62273 904.95088 904.24229 903.49142 902.68862 901.81624 900.84229 899.71164 898.33721 896.59867 894.36824 891.60996 888.64205 886.61525 887.75598 893.90214 903.30203 911.87595 920.72799
910.27202 910.43151 910.59168 910.75215 910.91246 911.07213 911.23055 911.38707 911.54091 911.69123 911.83706 911.97731 912.11077 912.23613 912.35193 912.45657 912.54835 912.62542 912.68585 912.72759 912.74854 912.74652 912.71938 912.66498 912.58125 912.46626 912.31826 912.13576 911.91754 911.66274 911.37089 911.04194 910.67622 910.27449 909.83778 909.36738 908.86461 908.3307 907.76654 907.17253 906.54841 905.89321 905.20524 904.48195 903.71933 902.91001 902.03875 901.07371 899.95211 898.56063 896.71543 894.15911 890.63094 886.18364 882.10573 882.28513 891.64805 908.3058 922.72224 958.23991
910.43579 910.60297 910.77127 910.94031 911.10966 911.27885 911.44728 911.6143 911.77913 911.94092 912.09869 912.25131 912.39756 912.53605 912.66527 912.78353 912.88903 912.97982 913.05379 913.10876 913.14242 913.15241 913.13636 913.09188 913.01668 912.9086 912.76566 912.58614 912.36867 912.11224 911.81631 911.4808 911.10614 910.69322 910.24334 909.75807 909.23913 908.68812 908.10628 907.4943 906.85209 906.17881 905.47305 904.73309 903.9569 903.14084 902.27522 901.3339 900.25431 898.90515 897.04131 894.2517 889.93574 883.51149 875.7063 872.43039 885.82761 915.21221 937.24265 935.41398
910.60001 910.77511 910.95178 911.12969 911.30843 911.48752 911.66639 911.84439 912.02076 912.19464 912.36502 912.53078 912.69065 912.84319 912.98682 913.11978 913.24017 913.34589 913.43471 913.50426 913.55204 913.57548 913.57194 913.53879 913.47349 913.37357 913.23682 913.06126 912.84529 912.58776 912.288 911.94592 911.56201 911.1373 910.67338 910.17219 909.63587 909.06647 908.46568 907.83443 907.17274 906.47969 905.75382 904.99391 904.19993 903.37318 902.51311 901.60676 900.60452 899.37544 897.63551 894.83783 889.99917 881.51173 867.97836 855.70638 876.30905 925.00072 958.92614 930.90616
910.7645 910.94773 911.13304 911.32011 911.50856 911.69793 911.88767 912.07715 912.26562 912.45221 912.63591 912.81559 912.98994 913.15748 913.31658 913.46539 913.6019 913.72389 913.82898 913.91459 913.97803 914.01648 914.02704 914.00681 913.95291 913.8626 913.73332 913.56284 913.34928 913.09129 912.78805 912.4394 912.04588 911.60872 911.12977 910.6114 910.05627 909.467 908.84575 908.19379 907.51113 906.79646 906.04764 905.26313 904.44424 903.59749 902.73462 901.8645 900.96773 899.94223 898.50944 896.06216 891.36392 881.78109 861.80103 829.14251 858.82292 913.2465 936.36482 925.08689
910.92905 911.12063 911.31482 911.51134 911.70983 911.90986 912.11091 912.31236 912.51349 912.71342 912.91117 913.10557 913.29531 913.47887 913.65454 913.82042 913.97437 914.11406 914.23692 914.34022 914.42101 914.47621 914.50264 914.49707 914.4563 914.37721 914.25691 914.09281 913.88273 913.62504 913.31875 912.96359 912.56012 912.10974 911.61462 911.07761 910.502 909.89109 909.2477 908.57347 907.86836 907.13025 906.35551 905.54078 904.6868 903.80399 902.91773 902.06693 901.28253 900.5281 899.59024 897.91834 894.34463 886.12808 864.69092 795.66875 855.07649 917.03805 919.37599 917.84517
911.09347 911.29359 911.49689 911.70313 911.91198 912.12305 912.33584 912.54976 912.76411 912.97804 913.19057 913.40054 913.6066 913.80722 914.00063 914.18486 914.35766 914.51658 914.65888 914.7816 914.88159 914.95546 914.99972 915.01079 914.98508 914.91908 914.80947 914.65328 914.44794 914.1915 913.88271 913.52116 913.1074 912.64296 912.13037 911.57304 910.97497 910.34035 909.67284 908.97471 908.24581 907.48292 906.67976 905.82904 904.92749 903.98533 903.0393 902.16331 901.45944 900.99976 900.70026 900.1709 898.64631 894.80241 884.09851 853.61176 876.91045 923.19255 912.48156 912.80431
911.25751 911.46636 911.67901 911.89523 912.11475 912.33722 912.56217 912.78906 913.0172 913.24579 913.47385 913.70023 913.92359 914.14236 914.35474 914.55867 914.75183 914.93161 915.09512 915.23919 915.36039 915.45505 915.51933 915.54925 915.54078 915.48999 915.39307 915.24656 915.04747 914.79343 914.48287 914.11516 913.69079 913.2114 912.67988 912.10024 911.47737 910.81656 910.12264 909.39881 908.6451 907.85694 907.02431 906.1332 905.1712 904.14052 903.08071 902.09835 901.38418 901.16883 901.56615 902.38504 903.30326 905.02365 910.69212 914.52387 909.19114 908.68369 910.02233 910.33821
911.42093 911.63869 911.86089 912.08735 912.31784 912.55206 912.78959 913.02993 913.27244 913.51634 913.7607 914.00437 914.24602 914.48407 914.71669 914.94177 915.15687 915.35927 915.54591 915.71339 915.85802 915.9758 916.06252 916.11376 916.12503 916.09186 916.00992 915.87519 915.68414 915.43392 915.12253 914.74906 914.31382 913.81855 913.26646 912.66222 912.01176 911.32174 910.59861 909.84704 909.06782 908.25519 907.39459 906.46234 905.4302 904.2802 903.03696 901.82347 900.92635 900.79694 901.84912 904.08094 907.23246 912.83038 926.60254 944.27505 937.16543 914.97136 910.68403 909.66991
911.58349 911.81031 912.04225 912.27918 912.52093 912.76724 913.01775 913.27202 913.52946 913.78934 914.05075 914.3126 914.57356 914.83207 915.08626 915.33398 915.57271 915.79961 916.01143 916.20457 916.37505 916.51853 916.63038 916.70572 916.73953 916.72675 916.66244 916.54194 916.36109 916.11643 915.80544 915.42679 914.98056 914.46847 913.89402 913.26256 912.58117 911.85822 911.1023 910.32045 909.51515 908.68038 907.79701 906.82929 905.72587 904.4324 902.92926 901.3161 899.9556 899.59554 901.15834 904.91081 910.02378 916.90686 929.33311 944.08864 938.84776 919.15185 912.23823 909.90613
911.74491 911.98093 912.22278 912.4704 912.72367 912.98239 913.24627 913.51493 913.78785 914.06435 914.34359 914.62451 914.90584 915.186 915.46315 915.73508 915.99922 916.2526 916.49182 916.71305 916.91202 917.08403 917.22401 917.32657 917.38609 917.39686 917.35325 917.24986 917.08177 916.84481 916.5358 916.15287 915.69572 915.16593 914.5672 913.90552 913.18924 912.4287 911.63534 910.81961 909.98735 909.13413 908.23764 907.2494 906.08891 904.64764 902.82098 900.61092 898.37452 897.21515 898.99215 904.71774 912.30814 919.46253 929.4434 953.40498 930.48857 919.46453 913.23751 910.36924
911.9049 912.15024 912.40215 912.66065 912.92568 913.19711 913.47473 913.75823 914.04716 914.34092 914.63875 914.93965 915.24239 915.54544 915.84697 916.14475 916.43617 916.71815 916.98715 917.23909 917.46943 917.67308 917.84451 917.97776 918.06658 918.10453 918.08517 918.00225 917.85 917.62337 917.31837 916.93244 916.46472 915.9165 915.29151 914.59629 913.84043 913.03651 912.19945 911.34453 910.48317 909.61565 908.72002 907.73751 906.55647 905.00006 902.83349 899.8476 896.19198 893.24383 894.54295 903.40393 915.67509 923.59818 952.30737 930.72561 924.77329 918.25576 913.51926 910.72983
912.06316 912.31791 912.58002 912.84956 913.12656 913.41097 913.70267 914.00142 914.30688 914.61853 914.93569 915.25746 915.58267 915.90987 916.23724 916.56259 916.88324 917.19606 917.49736 917.78286 918.04769 918.28641 918.49297 918.66081 918.78299 918.85224 918.86123 918.80274 918.66998 918.45689 918.1585 917.77134 917.29383 916.72672 916.07357 915.34122 914.54037 913.6859 912.79681 911.89463 910.99926 910.12025 909.24216 908.30282 907.16473 905.58024 903.15284 899.33167 893.68186 887.3134 886.29947 900.63114 922.54486 932.46985 931.82864 925.50208 921.18001 916.92024 913.38157 910.91494
912.21938 912.4836 912.75601 913.03673 913.32589 913.62352 913.9296 914.24399 914.56646 914.89659 915.23382 915.57734 915.92609 916.27869 916.63341 916.98806 917.34 917.68602 918.02231 918.34441 918.64715 918.92467 919.17043 919.37723 919.53734 919.6426 919.68468 919.65525 919.54635 919.35071 919.0622 918.67624 918.19026 917.60425 916.92128 916.14814 915.29626 914.3826 913.43048 912.46908 911.52994 910.63785 909.793 908.94202 907.93637 906.47458 904.0092 899.57751 891.6698 879.59301 871.65348 894.92789 935.51925 950.91803 931.62249 923.32082 919.13337 915.84012 913.0772 910.95781
912.37323 912.64697 912.92973 913.22174 913.5232 913.83426 914.15498 914.48537 914.82529 915.17446 915.53245 915.89858 916.27192 916.65119 917.03477 917.42054 917.80589 918.18758 918.56173 918.92368 919.268 919.58844 919.8779 920.12852 920.33171 920.47835 920.55897 920.56401 920.48414 920.31073 920.03621 919.65466 919.1623 918.55804 917.84409 917.02672 916.1174 915.13453 914.1054 913.06763 912.06755 911.15209 910.3491 909.63171 908.86455 907.73046 905.60735 901.244 891.86178 872.28079 846.15569 878.72421 930.68622 956.05634 931.2554 921.91103 917.78103 914.98699 912.72517 910.90738
912.52436 912.80762 913.10077 913.40414 913.71801 914.04265 914.37826 914.72494 915.08271 915.45145 915.83086 916.22042 916.61936 917.02656 917.44052 917.85924 918.28018 918.70014 919.11516 919.52045 919.91034 920.27817 920.61629 920.91614 921.16823 921.36236 921.48781 921.53361 921.48892 921.34346 921.08804 920.71513 920.21943 919.59849 918.85326 917.98884 917.01586 915.9528 914.82969 913.69221 912.60375 911.64053 910.87251 910.32216 909.89849 909.31708 908.00723 904.82925 896.64631 872.76262 808.87114 865.83789 914.11862 932.35171 925.85177 919.94878 916.58688 914.2505 912.36351 910.79985
912.67244 912.96519 913.26872 913.58346 913.90982 914.24816 914.59881 914.96204 915.33802 915.72678 916.12821 916.54198 916.9675 917.40386 917.84971 918.30324 918.76202 919.22291 919.68197 920.13433 920.57406 920.99414 921.3864 921.7415 922.04901 922.29757 922.47507 922.56897 922.56669 922.45611 922.22609 921.86723 921.37242 920.73757 919.962 919.04901 918.00712 916.85293 915.61656 914.3495 913.13239 912.07675 911.31061 910.93411 910.93703 911.10622 911.01778 910.13666 907.17028 893.048 820.11157 889.56446 908.17973 919.51048 920.17828 917.68792 915.41729 913.57145 912.00424 910.65872
912.81709 913.11927 913.43313 913.75923 914.09808 914.45017 914.816 915.19597 915.59043 915.99961 916.4236 916.86229 917.31533 917.78201 918.26125 918.75143 919.25032 919.75491 920.26134 920.76467 921.25884 921.73648 922.18887 922.60591 922.97617 923.28702 923.52485 923.67536 923.72404 923.6566 923.45971 923.12171 922.63346 921.98896 921.18567 920.22458 919.11076 917.85619 916.48677 915.05469 913.65433 912.43515 911.59899 911.35893 911.83318 912.89872 914.23396 916.0074 920.16434 926.82441 917.14252 941.27722 911.84105 915.10055 916.59167 915.76786 914.35745 912.95105 911.65843 910.50043
912.95795 913.26944 913.59355 913.93094 914.28223 914.64809 915.02914 915.42597 915.83912 916.26904 916.71605 917.1803 917.66169 918.15983 918.67389 919.20255 919.74382 920.29494 920.85216 921.41061 921.96412 922.50503 923.02412 923.51052 923.95175 924.3338 924.64144 924.85844 924.96808 924.95366 924.79928 924.49066 924.01628 923.36812 922.54181 921.5359 920.35093 918.99098 917.47149 915.83651 914.18487 912.69978 911.66841 911.46036 912.40158 914.49505 917.2985 921.07499 929.10294 939.2597 962.05118 927.62992 915.78228 914.54707 914.89638 914.45244 913.50134 912.41208 911.33851 910.33726
