jupyter-python/data_analysis/data/test/RogunHPP/data/testing/Test7103.tif
NCOLS 100
NROWS 100
XLLCORNER 26791.9
YLLCORNER 23110.4
DX 6.269
DY 4.207
NODATA_VALUE -9999
[rows 0 to 25 of 100, columns 0 to 59 of 100]
905.59227 905.61346 905.6321 905.64804 905.66114 905.67123 905.67817 905.6818 905.68196 905.67851 905.6713 905.66017 905.645 905.62565 905.60199 905.57391 905.54131 905.5041 905.46221 905.41557 905.36414 905.30792 905.2469 905.18111 905.11059 905.03544 904.95576 904.87168 904.78339 904.69108 904.59501 904.49546 904.39276 904.28727 904.17943 904.0697 903.95863 903.84682 903.73493 903.62371 903.51401 903.40677 903.30303 903.20397 903.11089 903.02526 902.94867 902.88295 902.83006 902.79221 902.77182 902.7716 902.79456 902.84417 902.92454 903.04073 903.19932 903.40916 903.68256 904.03678
905.70073 905.72347 905.7436 905.76097 905.77542 905.78679 905.7949 905.7996 905.80071 905.79807 905.79152 905.7809 905.76605 905.74683 905.72309 905.69471 905.66156 905.62354 905.58056 905.53254 905.47943 905.42118 905.35779 905.28926 905.21563 905.13695 905.05333 904.96488 904.87175 904.77414 904.67227 904.56641 904.45686 904.34397 904.22815 904.10985 903.98958 903.86791 903.74549 903.62304 903.50138 903.38142 903.26419 903.15083 903.04263 902.94104 902.84767 902.7643 902.69293 902.63573 902.59512 902.57376 902.57458 902.60091 902.65662 902.74646 902.87668 903.0559 903.29659 903.61712
905.81083 905.8352 905.85693 905.87583 905.89174 905.90448 905.91387 905.91974 905.9219 905.92018 905.91439 905.90437 905.88995 905.87095 905.84722 905.81862 905.78501 905.74625 905.70225 905.65291 905.59815 905.53792 905.47219 905.40093 905.32418 905.24197 905.15437 905.0615 904.96347 904.86047 904.75269 904.64039 904.52384 904.40338 904.27937 904.15225 904.02251 903.89068 903.75738 903.6233 903.48923 903.35605 903.22475 903.09646 902.97243 902.85409 902.74303 902.64104 902.55008 902.47234 902.41021 902.36627 902.34335 902.34456 902.37341 902.43414 902.53227 902.67565 902.87615 903.15233
905.92259 905.94871 905.97212 905.99266 906.01013 906.02435 906.03514 906.04229 906.04561 906.04492 906.04001 906.03071 906.01681 905.99814 905.97453 905.94581 905.91181 905.87241 905.82747 905.77687 905.72052 905.65835 905.5903 905.51635 905.43648 905.35073 905.25914 905.16179 905.05881 904.95034 904.83656 904.71769 904.594 904.46579 904.33341 904.19725 904.05777 903.91548 903.77096 903.62488 903.47796 903.33107 903.18514 903.04128 902.9007 902.76481 902.63517 902.51354 902.4019 902.30241 902.21744 902.14951 902.10131 902.07568 902.07568 902.10478 902.1674 902.26993 902.42265 902.64292
906.03605 906.06401 906.08923 906.11151 906.13066 906.14648 906.15877 906.16732 906.17193 906.17239 906.16848 906.16 906.14675 906.12853 906.10514 906.0764 906.04213 906.00217 905.95637 905.90459 905.84673 905.78267 905.71236 905.63573 905.55277 905.46348 905.36788 905.26604 905.15805 905.04404 904.92417 904.79863 904.66767 904.53155 904.3906 904.24519 904.09573 903.9427 903.78664 903.62817 903.46798 903.30689 903.14579 902.98572 902.82789 902.67363 902.5245 902.38224 902.2488 902.12634 902.01721 901.92388 901.84893 901.79491 901.76432 901.7597 901.78394 901.84123 901.93901 902.09158
906.15123 906.18115 906.20828 906.23243 906.25337 906.27092 906.28484 906.29492 906.30094 906.30267 906.29989 906.29238 906.2799 906.26225 906.2392 906.21056 906.17612 906.13571 906.08915 906.03628 905.97697 905.91111 905.83858 905.75933 905.6733 905.58048 905.48087 905.37451 905.26148 905.14188 905.01583 904.88353 904.74517 904.601 904.45131 904.29644 904.13677 903.97272 903.80481 903.6336 903.45974 903.28397 903.10715 902.93027 902.75446 902.58104 902.41151 902.24758 902.0912 901.94453 901.80991 901.68982 901.58672 901.50291 901.44034 901.40047 901.38431 901.39309 901.42997 901.50382
906.26817 906.30016 906.32933 906.35545 906.37833 906.39772 906.41341 906.42515 906.43272 906.43587 906.43436 906.42794 906.41637 906.39942 906.37685 906.34844 906.31396 906.27321 906.226 906.17214 906.11148 906.04387 905.96921 905.88738 905.79832 905.702 905.59839 905.48751 905.3694 905.24416 905.11188 904.97272 904.82685 904.6745 904.51591 904.3514 904.18129 904.00598 903.82592 903.64163 903.45369 903.2628 903.06974 902.87543 902.68095 902.48756 902.2967 902.11007 901.92958 901.75742 901.59597 901.44771 901.31509 901.20027 901.1047 901.02873 900.9713 900.92998 900.90215 900.88847
906.38689 906.42108 906.4524 906.48064 906.50557 906.52695 906.54454 906.5581 906.56736 906.57207 906.57197 906.5668 906.55629 906.54019 906.51824 906.49019 906.4558 906.41485 906.3671 906.31237 906.25046 906.18121 906.10448 906.02014 905.92811 905.82832 905.72072 905.60532 905.48213 905.35121 905.21264 905.06654 904.91307 904.75242 904.58479 904.41045 904.22971 904.04289 903.85041 903.65271 903.45033 903.24388 903.03407 902.82175 902.60792 902.39375 902.18064 901.97023 901.76444 901.56547 901.37574 901.19787 901.03438 900.88743 900.75817 900.64602 900.54781 900.45701 900.36394 900.25807
906.50742 906.54392 906.57753 906.60802 906.63515 906.65866 906.67831 906.69382 906.70493 906.71137 906.71284 906.70907 906.69978 906.68469 906.66351 906.63598 906.60184 906.56081 906.51267 906.45718 906.39414 906.32335 906.24465 906.15788 906.06294 905.95972 905.84817 905.72826 905.59998 905.46336 905.31846 905.16537 905.00421 904.83514 904.65834 904.47403 904.28246 904.08392 903.87876 903.66736 903.45018 903.22776 903.00072 902.76981 902.53595 902.30021 902.06392 901.82866 901.59632 901.36912 901.14961 900.94055 900.74474 900.56454 900.40114 900.25342 900.1164 899.97947 899.825 899.62864
906.62977 906.66873 906.70476 906.73765 906.76712 906.79292 906.81478 906.83241 906.84553 906.85385 906.85707 906.85488 906.84698 906.83306 906.81283 906.78598 906.75223 906.7113 906.66291 906.60681 906.54276 906.47055 906.38997 906.30087 906.20309 906.09652 905.98106 905.85666 905.7233 905.58096 905.4297 905.26956 905.10065 904.92307 904.73698 904.54255 904.33999 904.12954 903.91146 903.68609 903.45379 903.21501 902.97027 902.72024 902.46569 902.20762 901.94721 901.68599 901.4258 901.16888 900.9179 900.67591 900.44611 900.23138 900.03344 899.85125 899.6788 899.50201 899.29529 899.01884
906.75397 906.79551 906.83412 906.86955 906.90152 906.92977 906.954 906.97393 906.98924 906.99962 907.00476 907.00433 906.998 906.98545 906.96634 906.94036 906.90718 906.8665 906.81802 906.76146 906.69656 906.62305 906.54073 906.44939 906.34887 906.23901 906.1197 905.99085 905.85242 905.70438 905.54674 905.37951 905.20278 905.01662 904.82114 904.61647 904.40277 904.18022 903.94902 903.70942 903.46171 903.20622 902.94337 902.6737 902.39785 902.11666 901.83123 901.54292 901.25351 900.96526 900.68098 900.40402 900.13818 899.88726 899.65406 899.43863 899.23516 899.02757 898.78356 898.44792
906.88004 906.92431 906.96564 907.00376 907.0384 907.06927 907.09605 907.11845 907.13614 907.14877 907.15603 907.15755 907.15299 907.14199 907.12421 907.09928 907.06687 907.02663 906.97824 906.92139 906.85578 906.78114 906.6972 906.60375 906.50058 906.38752 906.26442 906.13119 905.98772 905.83399 905.66995 905.49562 905.31102 905.11621 904.91126 904.69624 904.47128 904.23647 903.99197 903.73793 903.47454 903.20202 902.92068 902.63089 902.33315 902.02813 901.71675 901.40022 901.08019 900.75888 900.4392 900.12487 899.82043 899.53095 899.26107 899.01309 898.78332 898.55611 898.29523 897.93268
907.00799 907.05514 907.09935 907.14033 907.1778 907.21146 907.24099 907.26605 907.2863 907.3014 907.31097 907.31466 907.31208 907.30285 907.28659 907.26293 907.23149 907.19189 907.14379 907.08683 907.0207 906.94507 906.85967 906.76424 906.65854 906.54238 906.41559 906.27802 906.12957 905.97016 905.79974 905.61829 905.4258 905.22229 905.00779 904.78234 904.546 904.29882 904.04086 903.77218 903.49289 903.20307 902.90288 902.59255 902.27238 901.94285 901.60464 901.25877 900.90668 900.55046 900.19305 899.8385 899.49219 899.16074 898.85142 898.57026 898.31804 898.08309 897.82995 897.48332
907.13783 907.18801 907.23526 907.27928 907.31977 907.35641 907.38886 907.41678 907.43982 907.45758 907.4697 907.47577 907.47539 907.46816 907.45366 907.43149 907.40124 907.36251 907.3149 907.25804 907.19156 907.11514 907.02844 906.93118 906.82309 906.70395 906.57355 906.43173 906.27835 906.11331 905.93652 905.74794 905.54754 905.33529 905.1112 904.87525 904.62745 904.36778 904.09623 903.81277 903.51738 903.21003 902.89072 902.55947 902.21639 901.86171 901.49586 901.11955 900.73394 900.34086 899.94316 899.54507 899.15273 898.77455 898.42109 898.10364 897.83034 897.59815 897.37896 897.09882
907.26957 907.32295 907.37341 907.42064 907.46433 907.50414 907.53973 907.57073 907.59676 907.61743 907.63231 907.641 907.64307 907.63808 907.62558 907.60515 907.57633 907.53869 907.4918 907.43526 907.36866 907.29163 907.20382 907.1049 906.99457 906.87258 906.73869 906.5927 906.43446 906.26383 906.08071 905.88502 905.6767 905.45569 905.22196 904.97546 904.71613 904.44389 904.15866 903.8603 903.54867 903.22361 902.88492 902.53245 902.16606 901.78569 901.39144 900.98367 900.56311 900.1312 899.69044 899.24499 898.80154 898.37019 897.96522 897.60465 897.30714 897.08387 896.92266 896.76257
907.40322 907.45996 907.5138 907.56443 907.61152 907.65472 907.69366 907.72796 907.75722 907.78101 907.79892 907.81048 907.81525 907.81276 907.80253 907.78408 907.75695 907.72067 907.67475 907.61877 907.55228 907.47487 907.38614 907.28574 907.17334 907.04864 906.91139 906.76134 906.59832 906.42217 906.23276 906.02998 905.81374 905.58396 905.34057 905.08348 904.81257 904.52772 904.22873 903.91539 903.58742 903.2445 902.88628 902.51235 902.12231 901.7158 901.29252 900.85236 900.39553 899.92285 899.43617 898.93919 898.43859 897.94576 897.47865 897.06302 896.7312 896.51499 896.42863 896.43886
907.53877 907.59905 907.65646 907.71069 907.76138 907.80817 907.85069 907.88852 907.92125 907.94843 907.96962 907.98432 907.99207 907.99235 907.98466 907.96849 907.94334 907.90867 907.86401 907.80884 907.74271 907.66515 907.57573 907.47406 907.35978 907.23254 907.09205 906.93807 906.77037 906.58877 906.39311 906.18327 905.95913 905.72059 905.46753 905.19983 904.91732 904.6198 904.30702 903.97865 903.63429 903.27345 902.89558 902.50003 902.08612 901.65311 901.20029 900.72698 900.23273 899.7175 899.18213 898.62923 898.06473 897.50028 896.95669 896.46767 896.08176 895.85821 895.85037 896.0707
907.67623 907.74022 907.8014 907.85941 907.91392 907.96453 908.01086 908.05248 908.08894 908.11978 908.14451 908.16265 908.17366 908.17701 908.17217 908.15858 908.13569 908.10295 908.05982 908.00576 907.94026 907.86281 907.77295 907.67023 907.55426 907.42466 907.28111 907.12332 906.95105 906.76408 906.56225 906.34539 906.11337 905.86607 905.60334 905.32502 905.03089 904.72071 904.39413 904.05072 903.68995 903.31117 902.91361 902.49638 902.05847 901.59876 901.11603 900.60902 900.07644 899.51717 898.93063 898.31761 897.6821 897.03438 896.39627 895.80809 895.33578 895.07272 895.12633 895.5782
907.81558 907.88348 907.94861 908.01063 908.06917 908.12384 908.17423 908.21988 908.26034 908.29512 908.32371 908.34557 908.36015 908.36689 908.36522 908.35453 908.33423 908.30374 908.26247 908.20982 908.14524 908.06819 907.97815 907.87463 907.7572 907.62544 907.479 907.31755 907.14083 906.94859 906.74065 906.51682 906.27696 906.02092 905.74852 905.45958 905.15385 904.83101 904.49064 904.13222 903.75508 903.3584 902.94119 902.5023 902.04036 901.55387 901.04107 900.50002 899.92854 899.32421 898.68458 898.00785 897.29456 896.55127 895.79745 895.07655 894.47042 894.11163 894.17934 894.85645
907.95682 908.02881 908.0981 908.16434 908.22715 908.28612 908.34082 908.39079 908.43554 908.47455 908.50729 908.5332 908.55169 908.56216 908.56399 908.55655 908.5392 908.5113 908.47222 908.42132 908.35799 908.28165 908.19171 908.08767 907.96902 907.83533 907.68618 907.52124 907.3402 907.1428 906.92883 906.69809 906.45043 906.18566 905.90362 905.60407 905.28674 904.95126 904.59715 904.22378 903.83035 903.41586 902.97911 902.51866 902.0328 901.51958 900.97672 900.40157 899.79099 899.14115 898.4474 897.70454 896.908 896.05754 895.16531 894.27117 893.46687 892.92514 892.91595 893.77013
908.09992 908.17619 908.24986 908.32055 908.38786 908.45139 908.51068 908.56524 908.61458 908.65814 908.69537 908.72566 908.74841 908.76296 908.76867 908.76485 908.75082 908.72589 908.68937 908.64058 908.57885 908.50354 908.41404 908.30976 908.19017 908.05477 907.90314 907.73488 907.54967 907.34723 907.12731 906.88973 906.6343 906.36083 906.06915 905.75902 905.43012 905.08204 904.71425 904.32601 903.9164 903.48427 903.02816 902.54634 902.03676 901.49701 900.92427 900.31521 899.66575 898.97062 898.22285 897.4132 896.53045 895.56396 894.51189 893.39991 892.31645 891.46641 891.22669 892.1422
908.24486 908.32562 908.40388 908.47924 908.55132 908.61967 908.68382 908.74328 908.79752 908.84596 908.88801 908.92306 908.95043 908.96946 908.97943 908.97963 908.96932 908.94775 908.9142 908.86791 908.80817 908.73427 908.64554 908.54135 908.42111 908.28428 908.13039 907.95901 907.76979 907.56242 907.33666 907.09229 906.82913 906.547 906.2457 905.92498 905.58453 905.22391 904.8425 904.43951 904.01389 903.56431 903.08909 902.58619 902.05319 901.48723 900.88495 900.24238 899.55458 898.81506 898.01462 897.13987 896.1717 895.08567 893.85804 892.48531 891.02951 889.70305 888.99055 889.73459
908.39161 908.47707 908.56014 908.64043 908.71752 908.79096 908.86027 908.92494 908.98441 909.03807 909.08532 909.12549 909.15789 909.18179 909.19645 909.2011 909.19494 909.17718 909.14702 909.10366 909.04632 908.97422 908.88664 908.78289 908.66232 908.52435 908.36846 908.19417 908.00112 907.78897 907.55745 907.30636 907.03551 906.74473 906.43381 906.10253 905.75055 905.37742 904.98248 904.56487 904.12343 903.65665 903.16263 902.63903 902.08301 901.49126 900.85988 900.18431 899.45898 898.67646 897.82591 896.89026 895.84239 894.64156 893.23421 891.56932 889.64762 887.63762 886.09243 886.2256
908.54013 908.6305 908.71862 908.80407 908.88644 908.96527 909.04005 909.11025 909.17529 909.23455 909.28738 909.33308 909.37092 909.40013 909.41992 909.42947 909.42793 909.41445 909.38815 909.34817 909.29368 909.22382 909.13781 909.03488 908.91434 908.77554 908.61791 908.44096 908.24425 908.02746 907.7903 907.53255 907.25405 906.95461 906.63408 906.29223 905.92873 905.54313 905.13475 904.70267 904.24561 903.76193 903.24949 902.70562 902.12708 901.51004 900.85007 900.14205 899.37998 898.55604 897.65869 896.66868 895.55227 894.25218 892.67934 890.71628 888.25753 885.34132 882.47086 881.21101
908.69038 908.78588 908.87927 908.97015 909.05808 909.14258 909.22315 909.29922 909.3702 909.43543 909.49424 909.5459 909.58962 909.62461 909.65002 909.66496 909.66854 909.65982 909.63789 909.60181 909.55064 909.4835 909.3995 909.29782 909.17769 909.03841 908.87935 908.69998 908.49983 908.27855 908.03585 907.77151 907.48536 907.17728 906.84712 906.49467 906.11965 905.7216 905.29984 904.85343 904.38099 903.88074 903.3503 902.78669 902.18621 901.54447 900.85641 900.1164 899.3181 898.45396 897.5131 896.47655 895.30759 893.93585 892.23624 890.01113 887.00218 882.99981 878.22074 874.30342
908.8423 908.94316 909.04207 909.13864 909.2324 909.32289 909.40957 909.49187 909.56916 909.64077 909.70599 909.76405 909.81414 909.85539 909.88691 909.90777 909.917 909.91361 909.89659 909.86493 909.81764 909.75372 909.67222 909.57225 909.45296 909.31358 909.15342 908.9719 908.76853 908.54293 908.29478 908.0239 907.73014 907.41338 907.07354 906.71045 906.32386 905.91336 905.47829 905.01767 904.53009 904.01361 903.46567 902.88291 902.26117 901.5954 900.87978 900.10798 899.27343 898.36925 897.38682 896.3109 895.10784 893.70272 891.94252 889.54866 886.07844 880.95599 873.76575 865.46349
